16 03 01 02 00 01 00 01  fc 03 03 d0 b7 7a 34 c0  .............z4.
3d 46 0f f2 07 68 8b a9  88 7c 56 8e 1b d7 a2 b0  =F...h...|V.....
b5 40 a4 06 ba 36 cc cb  58 41 3c 20 06 ad 73 46  .@...6..XA< ..sF
c7 bb 05 5d 69 24 98 3f  83 87 9e 66 87 33 1f 09  ...]i$.?...f.3..
8e 5e 5f be fe ef 31 4a  89 05 0b 96 00 22 13 01  .^_...1J....."..
13 02 13 03 c0 2b c0 2c  cc a9 c0 2f c0 30 cc a8  .....+.,.../.0..
c0 09 c0 0a c0 13 c0 14  00 9c 00 9d 00 2f 00 35  ............./.5
01 00 01 91 00 00 00 29  00 27 00 00 24 66 69 72  .......).'..$fir
65 62 61 73 65 69 6e 73  74 61 6c 6c 61 74 69 6f  ebaseinstallatio
6e 73 2e 67 6f 6f 67 6c  65 61 70 69 73 2e 63 6f  ns.googleapis.co
6d 00 17 00 00 ff 01 00  01 00 00 0a 00 08 00 06  m...............
00 1d 00 17 00 18 00 0b  00 02 01 00 00 23 00 00  .............#..
00 10 00 0b 00 09 08 68  74 74 70 2f 31 2e 31 00  .......http/1.1.
05 00 05 01 00 00 00 00  00 0d 00 14 00 12 04 03  ................
08 04 04 01 05 03 08 05  05 01 08 06 06 01 02 01  ................
00 33 00 26 00 24 00 1d  00 20 f0 71 8c 31 bd 0d  .3.&.$... .q.1..
2c d9 06 48 ad 19 90 1e  fb 12 8b e8 d5 0c 04 30  ,..H...........0
89 d5 18 24 0f da bc 5d  88 07 00 2d 00 02 01 01  ...$...]...-....
00 2b 00 05 04 03 04 03  03 00 15 00 d8 00 00 00  .+..............
00 00 00 00 00 00 00 00  00 00 00 00 00 00 00 00  ................
00 00 00 00 00 00 00 00  00 00 00 00 00 00 00 00  ................
00 00 00 00 00 00 00 00  00 00 00 00 00 00 00 00  ................
00 00 00 00 00 00 00 00  00 00 00 00 00 00 00 00  ................
00 00 00 00 00 00 00 00  00 00 00 00 00 00 00 00  ................
00 00 00 00 00 00 00 00  00 00 00 00 00 00 00 00  ................
00 00 00 00 00 00 00 00  00 00 00 00 00 00 00 00  ................
00 00 00 00 00 00 00 00  00 00 00 00 00 00 00 00  ................
00 00 00 00 00 00 00 00  00 00 00 00 00 00 00 00  ................
00 00 00 00 00 00 00 00  00 00 00 00 00 00 00 00  ................
00 00 00 00 00 00 00 00  00 00 00 00 00 00 00 00  ................
00 00 00 00 00 00 00 00  00 00 00 00 00 00 00 00  ................
00 00 00 00 00 00 00 00  00 00 00 00 00 00 00 00  ................
